0 0 0 1 
5 0 0 1 
0 5 0 1 

0 0 0 1 
10 0 0 1 
0 10 0 1 

20 0 0 1 
30 0 0 1 
20 10 0 1 

20 0 0 1 
20 10 0 1 
10 6.12323e-16 0 1 

20 0 0 1 
20 20 0 1 
0 1.22465e-15 0 1 

40 0 0 1 
50 0 0 1 
40 10 0 1 

40 0 0 1 
40 0 10 1 
40 10 0 1 

20 0 0 1 
30 0 0 1 
20 10 0 1 

0 0 0 1 
3.75 1.25 -3.06186 1 
1.25 3.75 3.06186 1 

0 0 0 1 
4.02369 2.5294 -1.55309 1 
-1.55309 4.02369 2.5294 1 

0 0 0 1 
4.37798 2.10016 -1.19276 1 
-1.90876 4.52152 0.955242 1 

0 0 0 1 
2.84483 -3.73358 -1.7226 1 
2.6991 3.27586 -2.64265 1 

