0.0000000 0.0000000 -49.9999989 
4.9999999 0.0000000 -49.9999989 
0.0000000 4.9999998 -49.9999989 

0.0000000 0.0000000 -49.9999989 
9.9999998 0.0000000 -49.9999989 
0.0000000 9.9999996 -49.9999989 

19.9999996 0.0000000 -49.9999989 
29.9999993 0.0000000 -49.9999989 
19.9999996 9.9999996 -49.9999989 

19.9999996 0.0000000 -49.9999989 
19.9999996 9.9999996 -49.9999989 
9.9999998 0.0000000 -49.9999989 

0.0000000 0.0000000 -49.9999989 
19.9999996 0.0000000 -49.9999989 
0.0000000 19.9999991 -49.9999989 

